13	2	1
20	40	
1	1161
  4.4872083191283334	  5.0883467057152050	  0.6816420720096156	  6.6109797826446020	  6.7431208531828473	  0.2146305210769465	  7.4875465980708658	  1.4609053279431183	  2.7391703684098667	  0.2736581304857300	  2.2499977175127919	  2.5979983951156012	  0.3275130950993163	  2.4824474999999993
  1.4882364327404498	 -0.1042557821647794	  0.6819507006086364	  2.3153966633634901	 -0.0023410648935647	  0.2146305447892417	  0.2960896753769258	 -0.3831620380036566	  0.3481955880755077	  0.3234691472306682	  0.7500014804878580	 -0.0000712906215841	  0.3276670830701610	  2.4731264999999993
                 -0.08118065847781404110
                 -0.08604401380398213339
                  0.27159895461796912386
                 -0.01359776823789428900
                  0.01340171742460623608
                  0.35538972440588378898
                  0.00817850242232628921
                 -0.20972684667836163919
                  0.32997141584361999733
                 -0.90158475573976493145
                  0.12243587846700929034
                  0.00824822295848079770
                 -0.52474718619655957852
                 -0.17843158312104034913
                 -0.01680109641271788565
                 -0.40772890719092752532
                 -0.09007895913545056754
                 -0.00167690054638722631
                 -0.74200365471832074871
                 -0.01315145366611404978
                  0.44154590841081398089
                 -0.13263802553883016766
                  0.11840277118723986638
                 -0.04066606384285744585
                  0.02659784195226982603
                  1.50608792863974705334
                 -0.06716099765092968521
                  0.05514974189670404647
                 -1.28675778042645339028
                  0.05831416361046128094
                 -0.02196473922710947754
                 -1.30349287294925342273
                  0.02711479330510220553
                  0.08788462055404633322
                  0.15509627433216091608
                 -1.14712657972606746348
                 -0.09227024027955114949
                 -0.02650318959866697702
                  1.79926883309309104675
                 -0.11006927009535216744
                  0.09743770296723811009
                 -0.19231602946465695125
                 -0.86915165474117039857
                 -0.25764438248340770787
                 -0.05587700176543373976
                  0.06745965919745275374
                 -0.81320593570966337449
                  0.23095879683534645266
                  0.46886439261336637641
                  0.18623932365685838541
                 -0.08374498750174193262
                 -1.80102927212221675113
                  0.21795040771065610219
                  0.09850418372467341366
                  1.00291958303333816893
                  0.01954451103222008476
                 -0.03586130238221978822
                  0.18654718451622934183
                  0.04823540821470889695
                 -0.03317311462437774749
                  0.35505094120875785313
                 -0.34977353193503440965
                 -0.08037133284276169742
                 -0.06232666250220530307
                 -0.51733566004502995472
                 -0.18836542612486825710
                  0.07916596546291500280
                  0.38277827905310551904
                 -0.30931143059479443425
                  0.10439172828172237073
                 -0.18686807695059287626
                  0.01772935524422165898
                 -0.96577644347029656391
                 -0.08457206606368898594
                 -0.56384640119769280364
                  0.25641582871763984874
                  0.02528230017499310742
                  0.87718971951297552980
                  0.06668869481447380065
                 -0.04679409411451333767
                  1.34358287945023602283
                  0.02512323329063409841
                 -0.00328021323827961363
                 -0.63349534313215027925
                 -0.02960910984091500581
                 -0.23661770130837364579
                 -0.23894072915862449302
                 -0.05614380945296972708
                 -0.02398728936884858554
                  0.04671806171163953025
                  0.05181792592048913015
                 -0.10478436131286839039
                 -0.12832431108853192825
                  0.30229220368998810375
                 -0.09518048478958680836
                 -0.01608257500953240784
                 -0.28789917561967853787
                 -0.00958695548102851333
                 -0.09051928268526560073
                  0.28183187929148140194
                 -0.50147575901568852696
                  0.08910793335339077526
                  0.02451474334131502689
                  0.76052059869719124130
                  0.75719639138503480602
                  0.03623895977739273466
                 -2.09373191256992274845
                  0.03066597355375410769
                  0.00272022829350392894
                  0.00933491664713823055
                  0.00044978119231367964
                 -1.11406125829576541086
                 -0.10973383491266827661
                 -0.05614272441616976334
                  0.03313108545028426583
                 -0.00909419491750216615
                  0.20535153377145648479
                  0.02573694396869836282
                  0.04466186124062181129
                 -0.90422670643429292614
                 -0.06606414170420851772
                  0.07110835080419393439
                 -0.26313796683375251240
                  0.05449636228312451647
                  0.07733661658836497865
                  0.38059179943244841882
                  0.60386326691845360060
                 -0.69012974535804572085
                 -0.05718727807029878873
                  1.52730286517009394842
                 -0.01772212588082092838
                 -0.04003999538724897778
                 -0.17107529163407345085
                  0.00927958159431128971
                 -0.00243030895307695064
                  0.84603238934866142884
                 -0.00551467458788375362
                 -0.02376425946551210741
                  0.05251206095279845748
                  0.49060379193398995223
                  0.10182220049094424519
                  0.01399762551180863679
                  0.02338136300737768403
                 -0.41027288381144055851
                  0.10419181085225490135
                 -1.25215236186546863273
                 -0.05097938669259712008
                 -0.03054589887764906642
                 -0.32585148452547446629
                 -0.00691184668211209177
                  0.48580774444383900690
                 -0.34108137180863440374
                  0.01339961242067281948
                  0.05027382178989370232
                 -0.03496106832304277101
                  2.30796856427102037301
                  0.18802643451025943810
                  0.19074826569046052227
                  0.51403705005714406262
                  0.05181413373217907958
                 -0.02270561675415569414
                 -0.08725642183924399442
                 -0.03625769701878107237
                 -0.15056111723818213499
                 -0.96164980988926029859
                 -0.21148561104359192564
                 -0.04367607841442740918
                  0.02719073693877572390
                  0.28055367222604166155
                 -0.70148852498171032632
                 -0.03484873078228583471
                  0.35793886473600844411
                 -0.31453720920924671534
                 -0.01246181877834601909
                  0.20063312587584913871
                 -0.01084935305523924975
                  0.31188496208337146420
                 -0.04202501434872742136
                 -0.06659397204442696339
                 -0.05930799766801141820
                  0.01544601786680898335
                 -0.55511360343058946398
                  0.00623558578872576014
                 -0.07918636654166505418
                 -0.51151424924426214247
                  0.06191714107069645756
                 -0.02539342558105864636
                  0.33423876984110634236
                 -0.00579246722440984307
                  0.54233126193305480900
                  0.09784755230491606892
                 -0.21596176651915810485
                 -0.13798854947519995084
                  0.02459575710242786414
                  0.29404752738640793641
                  0.00341195730013634131
                  0.00443810622652405715
                  1.71201995302013210143
                  0.04632066019285058928
                 -0.02890505422276539588
                 -0.25887657730883939511
                 -0.00522869306800433694
                  0.47981941902444180670
                 -0.07997892992451423322
                 -0.18075779299402178202
                  0.04188685973418581482
                  0.00245147758008925883
                 -1.92765314163603673769
                 -0.02196658830292258849
                 -0.01505779246076055684
                  0.37265491809286299674
                 -0.01664901885233980444
                 -0.00975354354502446994
                 -0.63684621704925448160
                 -0.00108259558441062579
                 -0.01901644004058940240
                  0.06043366350394809017
                  0.80762991110562076802
                  0.07714109903411436875
                  0.00101397851927980775
                 -0.41867430814774186931
                  0.06098811882624789737
                 -0.00890975751657759225
                 -2.14289047656857656321
                  0.00937652713200013560
                 -0.05287840849131307530
                  1.03612585504485621435
                 -0.00630351348486548474
                  0.07025240756268719133
                  0.01835673609534149708
                 -0.06489822601345349162
                  0.03161671186674296086
                 -0.00618471637295192004
                  0.21619423436486781553
                 -0.47847876028417823946
                 -0.05668048707316910434
                 -1.69820155800249117384
                 -0.07624769524435645596
                  0.00149255386723803072
                  0.22676705105751532310
                  0.02831542958812830260
                 -0.37418149035420733561
                 -0.19509105090770076374
                 -0.27481667701215095612
                 -0.43174950176779625099
                  0.06903715642596545965
                  1.21021984726334741467
                 -0.51200344469334890807
                 -0.00389436072570831888
                 -0.49230158311392879789
                 -0.23970345444977489424
                 -0.13445615790283149682
                  0.16135616719589288004
                 -0.04960259610051502566
                  0.25509409604048632891
                 -0.04778400070647104148
                  0.12062453751700964732
                  0.10011506824982216446
                 -0.52027400861635952900
                  0.54283425791729589260
                 -0.49285830048322121222
                 -0.19151921384522802017
                  0.09698495473527481148
                 -0.81967021377633275669
                 -1.28665785816840871902
                  0.00934744094319235955
                 -0.19400579373057894039
                  0.98186094100086962477
                  0.83033273393367257320
                  0.11579276477445907267
                  0.38987870117035861028
                 -0.29081889100212149346
                 -1.11982713210772888424
                 -1.24683496022510986734
                  0.64039626263256721472
                  0.00472606704193591787
                 -0.92566771480442688880
                  0.50358162196441236258
                 -0.20853829207385071731
                 -0.28181444979415426477
                  0.14244541414320749384
                  0.09804489339517741264
                 -0.16781111013663863041
                  0.26890026433376684745
                  0.10877808032521064929
                  0.34017389934776964822
                 -0.26507401303789962510
                  0.21404471818294520946
                 -1.30426233423558457503
                  0.25633828311337442107
                 -0.60949315876730403296
                 -0.60988281851592818228
                 -0.39259248747772584887
                 -0.36969125599370361579
                  0.41668723483547098763
                  0.08729101517506868135
                  0.46944929084881259485
                 -0.85720379621912379253
                 -0.48634711628677401718
                 -0.16759851447286777670
                 -0.22463942507105053026
                  0.93074436149597150614
                  1.32537299402848729457
                 -0.29185490762616683735
                  0.03531805885904443915
                  0.31153029913006996532
                 -0.39134146848774237215
                 -0.67028295839334506301
                 -1.18995741626363082943
                 -0.48785157862950956353
                 -0.41165147252785627696
                 -0.55426568920030860887
                  0.38895848320280512755
                  0.01889315691834620586
                 -0.15341177384310522580
                  0.37620991845239404316
                 -0.05710365047295559715
                 -0.42315799238156637241
                 -0.31057292455426216415
                  1.09277759483386183170
                  0.41956082264307564822
                 -0.43920003495853848774
                  0.60065717813502506051
                 -0.38971372808342941152
                 -0.53027673715061540705
                 -0.36979375179130824502
                  0.60267937902872081857
                 -0.83904892957256049790
                  1.58284348569691957209
                  0.23477751258270973533
                  0.41763817483979542855
                  0.38422831654381484068
                 -0.32806015204989569245
                  0.08570426405337587539
                 -0.20370361304941328462
                 -0.17385734317808604343
                 -0.26689438524412223419
                  1.30055565032699371741
                  0.19760225357242131028
                 -0.19521047675323036086
                 -0.26665650045071731533
                 -0.76134994350315998712
                 -0.70554184837023259380
                  1.13100697488652435219
                 -0.70248760765421436325
                  0.56045390344169210284
                 -0.80045973172302375964
                  0.48389564448534005958
                 -0.99076217743697347906
                  1.39986437562765941856
                 -0.18447590557540624601
                 -0.43641984631920066606
                  0.28495061927307235861
                 -0.67731847468128913992
                  0.21422451724507579618
                 -0.39009568654334259019
                  0.85875844523301336775
                  0.76768671860652792915
                  0.71301076422644693587
                 -1.10992906530788815189
                  0.17618677731688803245
                  0.28291537366410490772
                 -1.12363088923770004790
                 -0.13536478210549734991
                  0.30108674504786836490
                  0.55367739767965118425
                  0.40229794251224915147
                 -0.84617374958255642259
                 -1.17409507039155958097
                  0.24035339968529001453
                 -0.60579313096042664011
                  0.42932907320510410587
                  0.01910916176605133646
                  0.14997297064092496299
                  1.10782077613569107655
                  0.70766515649806871480
                  0.74812967995356827178
                  1.13210619096541620365
                  0.32372956805147107273
                  0.29808495289229414160
                 -0.47004420487606923817
                 -0.80558661282963817118
                  0.52854363814386795539
                  0.05895109401169066482
                 -0.17846265462044236250
                  0.54089391905383510384
                 -0.16355991480366882662
                  0.54494379458562658414
                 -0.41571793325833888977
                 -0.02856708290368448894
                 -0.88569698630360060854
                  0.10342725017887204053
                  0.36704121425226315933
                  0.14094732520086056260
                  0.27793481068987063720
                  0.25932814260618408664
                  0.37944607930789203687
                 -1.77365333390398483004
                 -0.23616468554891326126
                  0.09119449956117224587
                 -0.33789232558459175726
                  0.07293872563640313444
                  0.19763974647446305721
                  0.04437658092676814020
                  1.53818802454556724513
                 -0.12402625669816212672
                 -0.32053964686530611594
                 -0.41711478503288584863
                  0.40180348523902131852
                 -0.26249494471912349081
                  0.65757644592271746742
                 -1.04807204039173051946
                  0.24902067745080538885
                  0.88301852008074077638
                 -0.64961942405378436671
                  0.40860690051045367444
                  0.11607489695343888025
                  1.01923814671960277778
                  0.88947875893160521787
                 -1.05101194564561684075
                  0.15201808276605754955
                  0.54806571901725975593
                  0.69110962485667049027
                 -1.02369247223152282089
                 -0.79494692216452145228
                  0.72476291434024553428
                 -1.03720738006986823443
                  0.75277717757300077750
                  1.12461143937709207030
                  0.67803997373169955232
                  0.15336415306738415687
                  0.81611872933223150728
                 -0.20949082736135032912
                 -0.82109843132044324499
                  0.38600789044903954794
                  0.66123474218599476160
                 -0.46682495717666472324
                 -0.18568963565856441700
                 -0.06259718088158702787
                 -0.90696272355421114764
                  0.48508985502159873704
                 -0.26596130944420687259
                 -1.36254374901905350725
                 -0.59653881071609216047
                  0.39403259986170413587
                 -0.21652580019531514344
                  0.26747021162796330573
                 -0.15891899362423467235
                  0.48803876098776560744
                  0.01490056215567684035
                  1.79334103018042734234
                 -0.26307193744262646895
                 -0.04315447569934626609
                  0.08276194794551154643
                 -0.25034751728888493538
                 -1.49899568106540059809
                 -0.54750152490256320803
                  1.62043115809128224214
                  0.36681920152532643264
                 -0.58632031585510857585
                 -0.04198245343158997500
                  1.46150220697060007069
                 -0.01723385762068630617
                 -0.72207778601110794714
                  0.17002991631012628893
                  0.15982184510322247628
                  0.19009982517593154716
                 -0.03338425314395059018
                  0.01482684605866840984
                  0.01660041822441905845
                  0.04256757286129414508
                 -0.21773439265341792970
                 -0.08115116754006569677
                 -1.02783053073204522221
                 -0.53428608463495375069
                 -0.68135598859483459400
                 -0.62263129935503924717
                 -1.31637957834427021808
                 -0.55030910153988354949
                  0.05814076193015715183
                 -0.39258746310766401422
                  0.36697245725837335240
                  0.04701264496989193686
                  0.44004997177124921537
                 -0.04902376647279561850
                 -0.52714785001863995184
                 -0.73035538855319825924
                 -0.06028531731532411897
                 -0.00475517862052950158
                 -0.11513895745399295445
                 -1.09205610912241790622
                 -0.72150231133866560285
                  0.28711385605151829026
                 -0.12036498404456361100
                 -0.47739398829846935168
                  0.13280475616010217754
                  0.34613546274589590546
                  0.70554786644748979096
                 -0.46393689453282582758
                  1.06046127504101050931
                  0.01278717009530410537
                 -0.22164870000309891407
                  0.90382199938959217889
                 -0.08519179160136922113
                 -0.16583867006996660942
                  0.48992371564692666075
                 -0.90946326849765279920
                  1.14245815145914875188
                  1.10219358620366580936
                  0.24014818987508193548
                  0.38058729580598849029
                  0.32440097651073945828
                  0.70859159202813237766
                 -0.34766671523499742547
                  0.34286381026178641696
                 -0.15152244242405837893
                  0.35541290727138175054
                 -1.15008628144131974658
                 -0.05105060816532851903
                  0.51346700287863877854
                  0.25239442502371695065
                  0.40916445995096251131
                 -0.08660601592749070377
                  0.30871771901529393434
                  0.05988008788675516086
                  0.01351326341054845739
                  0.90940382107186013005
                 -0.88738659316538270883
                 -0.11384133435398952061
                  0.14357619836727161799
                  0.52319054562623412696
                 -0.53675332149504673129
                 -0.68271423587124491217
                 -0.08334937022043925614
                 -0.30153996010895983693
                 -0.89174521688198116198
                 -0.51480874803247667071
                 -0.77327112200441372458
                 -0.18802148236248394930
                  0.01008197437660745058
                 -0.06884126847921294423
                  0.87724842576012318496
                  0.86878312452932848764
                 -0.80676074869418712421
                 -0.26233487254525628130
                 -0.85137006517885205348
                  0.46245544978343267051
                 -0.50645568275602115271
                 -0.02702214996902854022
                  0.34491536617240914353
                  1.07940653159488331170
                 -0.89232760881389583396
                 -0.21724232050431960261
                 -0.05265459247498974898
                  0.74034589288208751956
                 -0.63974593846539962172
                 -0.54718540590029207671
                 -0.64812947365107409503
                  0.35589423745656628695
                  0.98190031031550695229
                 -0.06126140113385623864
                 -1.05261353237854771159
                  0.99895314009658009446
                  0.88127602800347548673
                  0.74706165906441246438
                 -0.42197241225404213960
                  0.33812551323790346336
                  0.67480302646030032587
                 -0.28132767115279760928
                 -0.10617977289879820813
                  0.12040289455697261722
                 -0.57706062247242650987
                  0.22913307249936532006
                  0.26787772277375554442
                 -0.90944754507665781507
                  0.23121095903297372853
                 -0.08377093197829760252
                 -1.34175131893098220637
                 -0.11627265182631144058
                 -0.23357379680491868745
                 -0.35602011756623019867
                 -0.00196789326959438682
                 -1.58828579840146333346
                  0.19759358538921611981
                  0.51368373259091759664
                 -0.77892122461321899873
                  0.10297216474922971097
                  0.60658151369373281003
                  0.73895633985333475380
                 -0.65874693427001640433
                 -0.05584702224432803314
                  1.04834881919196609701
                 -0.72667222321431679255
                  0.06365588358300153238
                 -1.31589782267100563473
                  0.94114090589087096017
                  0.05569889342436340485
                  0.23340512181930200830
                  0.40418758751696282072
                  0.61614646191981503609
                  0.61222678428904075965
                 -0.93407806550185612515
                 -0.33227458927238051611
                 -0.02927147296485125422
                 -0.10727882247185743791
                  0.02600214721576256729
                 -0.41073454527279867898
                 -0.17650158099520846244
                 -1.00118522837750667520
                  0.07977521594624520374
                  0.43587036195995698673
                  0.15187189216888935528
                  0.54290008145513113380
                 -0.03810799215782130489
                 -0.22203854090654567832
                 -0.39253364045117922210
                  0.22584183696822371368
                 -0.03886212622237631559
                  0.26520642247587505880
                  0.64424182528303020057
                 -0.02292389530216521615
                 -0.09982060207488684112
                  0.50309833956985772208
                 -0.41148996908134094497
                 -0.18483319175111886934
                 -0.74790448894277439251
                  0.70625311044214800216
                  0.03729282580309276757
                  0.29429040142906753852
                 -0.32534927899365367887
                  0.65242143996600254763
                 -0.42483119299018573534
                  1.13140148835116538528
                 -0.05528978487218211973
                  1.57278623818133733714
                 -0.45404847640475270998
                 -0.15572484485687729250
                 -0.09127497950806923166
                 -0.47762857011552262154
                  0.01592060393234723259
                 -0.27990431784056102327
                 -0.19310836665324568329
                 -1.01023804865339039694
                  0.08512430842766330330
                 -0.20085991629008845272
                  0.72484796613791646624
                 -0.51813902019239466146
                  1.18328754911704558950
                  0.35452648590635738035
                  0.41950849995043282270
                 -0.19307721981336162242
                 -0.39215506803493205279
                  0.75155136426128732463
                  0.39803143539467694678
                 -1.30148183692188434968
                  0.27471680913581980610
                  0.93985863476166209285
                  0.52958019463729899545
                 -0.12285346081388030803
                  0.18672153741498093149
                  0.67440507176479735918
                 -0.09493427637249940432
                  0.51901781258567192268
                 -0.44710357858666083253
                 -0.99385648035780060905
                  0.74316187773106834324
                  0.12941064971073634737
                 -0.74770985631625597190
                 -0.59191943175554018186
                  0.13708404100002183346
                 -0.67694980894181300268
                  0.53727481594083137395
                  0.27377905312239469993
                 -0.36622084092150325452
                 -0.60704336655771828912
                  0.88285925328973335890
                  0.29687077721168564359
                 -0.66254032626870129619
                  0.38708171007226016558
                  0.18622749003208477481
                  0.09018373946120319951
                  0.32335676245296468556
                 -0.34622984877915508051
                 -0.39640370647664008308
                 -0.19663297750807384734
                  0.19383312703402735822
                 -0.22083317251021739036
                 -0.81719064458684564922
                  0.56259659690451824243
                  0.51309857330642683060
                 -0.87904313388295884923
                 -0.18318092269203015143
                 -0.27962489896986042481
                 -0.63825527624271527483
                 -0.75005643321963122450
                  0.40658555176001354159
                 -0.54684293794088922880
                 -0.02065734373178550187
                  0.01585320623005907065
                  0.32638775694078636658
                  0.29448895588250001421
                  0.32782750209994565571
                  0.40995604506996213834
                 -0.13323538166693715823
                 -0.15903373792347383353
                  0.47860056476186313423
                 -0.79290371487826005747
                  0.84290836888362896673
                  1.55352856069068989697
                  0.12963672848509186220
                  0.89539379818432196512
                  0.31022424513741919672
                  0.57522315448281646777
                 -0.04596898694641812083
                  0.73692829412801996725
                 -0.24309911679217174885
                  0.08840514643404312478
                 -0.56075248844785885449
                 -0.12718100804497758927
                 -0.41833510242992194561
                 -0.02773224199129279560
                 -0.15823117108580900259
                 -0.58714243115122588534
                 -0.03675158955606478567
                 -0.21525818142500335872
                  0.74102999393570057052
                 -0.27540054126308066706
                  0.87134214194717085622
                  0.96456248086248919105
                 -0.11166195014095893490
                 -0.19151281469988171158
                  0.01375092100532020883
                  0.75438171362895911631
                 -0.20738415392358267031
                  0.10669510380625922552
                  0.11038046148078824171
                 -0.22819289256187619275
                 -0.39338846555124962201
                 -0.50896761441649218671
                  0.47199083668347635578
                 -0.31660697433512569043
                 -0.59732017262597780771
                  0.26328653593860396054
                  0.23887938495608312950
                 -0.16465884434781430379
                  0.49260551344183051148
                  0.17926237314249379717
                 -0.04319976259090617388
                  0.65410524641795175782
                  0.19870231620843498144
                 -0.48492637119192055772
                 -0.97658721679525517523
                  0.21653779474562645513
                 -0.34874793351568961208
                  0.81989072280674568649
                 -1.48198587592908470612
                 -0.59499952599152783339
                  0.66737963891457485754
                  0.17648970794905188830
                  0.29551909405235954331
                 -0.69098943853421979089
                 -0.21440696483153076635
                 -1.34466645546340535233
                  0.11073062489270367459
                 -0.52807479274042057327
                  0.56095249279244530083
                  0.95396738362888167106
                  0.59943337010975905610
                 -1.01994077316192188754
                  0.40279964080155283845
                 -0.83594884795923429799
                 -0.38841738863934771597
                 -0.25351392714038506471
                 -0.03353456081944644618
                  0.11668562290941114634
                 -0.14105763720418734719
                 -0.18867739943609804221
                  0.33476001827428442104
                  0.55715408037933200625
                 -0.52592376182361821879
                  0.03917186937646283812
                  0.86236950501770959221
                 -0.11334554426067511290
                 -0.65533782491270697879
                 -0.70894151892618684219
                 -0.18264205278123440968
                 -0.00385200342571331584
                  0.51410208405017798761
                  0.08781447486559038063
                  0.22510945439070062513
                 -1.04032308667475748010
                  0.50758683255891501318
                  0.16483041128022080102
                 -0.57197932657440342386
                  0.13020274229106670871
                  0.16114872408325289777
                 -0.12949459403844640337
                  0.44608610237606932669
                 -0.31771499763252186721
                 -0.09421025586659532991
                  0.02209938003627165415
                 -0.30937416937751438528
                  0.01655120792581344855
                  0.33040333102351077121
                 -0.07276274508252700279
                 -0.20071125830092528819
                 -0.64169572852585410327
                 -0.02616446668500291284
                  1.02528446835688713534
                 -0.07766367930126021057
                 -0.01773526371841273319
                 -0.49755577840144815660
                  0.40366976624177131061
                  0.79964477968184954904
                 -0.25225761169910360104
                 -0.21444449373906279699
                  0.07511327823981728269
                  2.05300054268077225572
                  0.23270353496533263682
                  0.47032276231941561040
                 -0.09054354371705528037
                  0.34639910239653004531
                  0.21630680603559182540
                 -0.74655437124126133863
                  0.30095226854279555351
                 -0.20395667298942241064
                  1.07786034298999111591
                  0.51792563967974780681
                 -0.72513515772650971591
                 -1.28489154596663657237
                  0.06890402537082968015
                 -0.04870013747960807993
                 -0.25066619025295172607
                  0.18518480923312755082
                 -1.33933825025871233727
                 -0.07054642789387804980
                  0.75990505475363812060
                  0.70530232150811744685
                 -0.01763794451362655363
                 -0.19755104067091236453
                 -0.32369164437428593617
                 -0.05445660177197386709
                 -0.02582539808887342192
                  0.02671257291469121553
                  1.02074278613569990881
                  1.06944164502825045382
                  0.33379773997244621686
                  0.47820972024950031409
                 -0.42106615710176725775
                  0.09171219304067176892
                 -0.61670033936091561699
                  0.05608269857775432382
                  0.18645343172294404077
                 -0.31350697229183061010
                 -0.62614098668359763344
                 -0.03641430038685151277
                  0.12807812181352351555
                 -0.86978088294988664675
                  0.04712974449874131333
                 -0.40308196862981354736
                 -0.44477398661573103178
                 -0.03240176695777089583
                 -0.37395255319250031434
                  0.38547198384751885092
                  0.29114767707708716360
                  0.02771595417763271854
                  0.41383255387724449115
                 -0.06972680504762651665
                 -0.15291867734618366792
                 -0.05685205380876302839
                  0.00387571986580743759
                  1.30113282137136687666
                 -0.65835452027839647116
                 -1.47276999718144563367
                  0.79639624026689381786
                 -1.07894196909086415026
                 -0.62116949422219980281
                 -0.67644400032284801583
                 -0.64403198700907726693
                 -0.35995328571761758818
                  0.59477216828501822121
                  0.07742825745385474578
                  1.01044356977509797169
                 -0.86252138442386538930
                  0.00317575521299505708
                 -0.96652613682942456474
                  0.34054801435169135271
                 -0.88092091449887521826
                 -0.51186136804962667490
                 -0.13389699955476472293
                  0.78093176620426552059
                 -0.42503285179639782587
                 -0.31153745389203113536
                  0.22102059101741017288
                  0.40748758556328329439
                 -0.51949219046172734338
                  0.24274389381263350440
                 -0.43084429355431752562
                  0.38502611882716514247
                  0.23389030317340750442
                  0.01450491728478548945
                 -0.39724209004323624006
                 -1.23102222812750539127
                 -0.25510510127122743018
                 -0.18383734663906328710
                 -0.28572452566891332060
                 -0.53463791372839708504
                  0.59303810824959535264
                  0.89951228762425572416
                  0.13075568516478255909
                  0.29168620009219187184
                  0.14931700210042894716
                  0.32571556105287274852
                 -0.40287945816184228542
                  0.68945733223518590460
                 -1.08636179758464668232
                  0.36638846592768925525
                 -0.40477916296631888393
                  0.34739510633268017026
                  0.73648192102477283427
                 -0.88436250770115509834
                  0.72748520435702579423
                  0.27397243848908425790
                 -0.25874434227683534848
                 -0.60717304223811152664
                  0.60220175889417837389
                 -0.54205992665921087781
                 -0.22616613288961850969
                 -0.63253841596431781280
                 -0.36693622688489568873
                 -0.06805574982102162440
                  1.08849509191629034710
                 -0.47992330412082778723
                 -0.58420725387911542903
                  0.43861630164516862695
                  0.33771819632425975621
                 -1.06966778278849594663
                 -0.80262783929644765379
                 -0.86205387050868709231
                 -0.96821085691356567615
                  0.11836520640644565550
                  0.44202905808923242947
                  0.37248432417587484800
                  0.44980505856354441319
                 -0.24125543929162379664
                 -0.62036562960059338234
                 -0.65306891281027446006
                  0.43184538172288788882
                  0.43726167701058443749
                  0.12156620548985747066
                 -0.15698820660177575936
                  0.35092128544599199280
                  0.19575088819444175225
                 -0.50600731906160223428
                 -0.04786238069802473821
                 -0.19046406430798215603
                 -0.19883550613828959719
                  0.29779724568720544742
                  0.57843959367951969242
                  0.06153735082747248397
                 -0.54868670569275901361
                  0.00352930499997080368
                 -0.43142853599711555868
                  0.74785216105742613468
                  0.51093971455313691443
                 -0.05287471574340506936
                  0.39431925998916789178
                  0.14396092815706282297
                 -0.45141071504901270073
                  0.12797082933016662443
                  0.08175895061276280962
                  2.08448716291559721370
                 -1.00493890375474337340
                  0.69472020037467474562
                  0.40656151719608624173
                  0.26821260440646271794
                 -0.48071838011397532986
                 -0.49464012357325659597
                 -0.79209522083682748494
                 -0.49697521441232145323
                  0.26907325574840407212
                  0.71402202765232547499
                  0.81161527553861478879
                 -0.25151134154855253611
                  0.02988543373113054444
                  0.16623431851204964471
                  1.00396158224280851456
                 -0.71849500197804960777
                 -0.25154130041020023034
                  0.22075907608513309355
                 -0.34216029577525391980
                  0.03619228543274913973
                  0.35114652768738657818
                  0.63778410612239266886
                 -0.92688473538829274645
                  0.11545866972202389888
                  0.04572928112016751839
                  0.33449296211436335691
                  0.36768281296755617182
                 -0.31942149964457833278
                 -1.18446329271123085292
                 -0.46042699200699405138
                 -0.23467399061419716433
                 -0.02807179546727316122
                  0.41888924244587527612
                 -0.45843334158396448208
                  0.43271713579476472900
                 -0.78736384783772239704
                  0.09045776958378029531
                  0.08340851797093669362
                  1.78741487753644401337
                 -0.03719759358339010807
                 -0.45051396162674856027
                  0.12330247730426542596
                 -0.16995662181575574290
                 -0.34427351295617264482
                  0.68777133211178687056
                 -0.09540678404196359375
                  0.09857165992901777141
                 -0.22198488900201954199
                 -0.57068843414151304572
                 -0.11151320017680567409
                 -0.22851111160720050108
                 -0.26753549975204721223
                  0.16025034749857675065
                 -0.46365357068627183201
                 -1.00762445391652488702
                  0.13160128503011486734
                  0.06559407083647647574
                 -1.06470955722883342531
                 -0.48321660760028650738
                 -0.10141595614615925292
                  0.47696319449243218536
                  0.30672491983219307699
                  0.11958284056643139759
                 -0.40536532321617818608
                 -0.81539936665531498328
                 -1.92991835982357140544
                 -0.84602312969757642591
                  0.66442219945738334452
                 -0.06506344226230083294
                 -0.62376268803679424391
                  1.85741319817444461293
                 -1.63178795625337946795
                 -1.73735243256482663199
                  0.26171120376636480831
                 -0.16541967370077573229
                 -0.18047710978480882571
                  0.61972391716074259893
                 -0.64635014650751188015
                 -0.50716592832529516777
                 -1.82870726402447147940
                  0.49970263952870525026
                  1.11474564210801796449
                  0.14931309700087708192
                  0.70494526234415799681
                 -1.29295840240261838971
                  1.14115723960307313689
                  0.28162053180695112431
                  0.35666372822209657656
                  0.85900930746205261812
                 -1.74666468195518986839
                  2.71227183959513107325
                  0.90158508525525982158
                 -0.57812057437711228403
                  0.83488183035390572950
                  2.37190415849346125654
                  1.45731178988541087982
                  0.44033027085844389514
                  1.13747149501565103513
                 -2.65428636734648737416
                  1.56849277711756007747
                 -2.33685257320539596648
                  1.72853133766411048988
                  1.23571445820770020596
                  1.06729602850200100406
                  0.56115400174071161654
                  1.73477948070790244373
                 -1.41350388287468775594
                 -0.44871225131042674628
                 -0.73089361750085002356
                  0.64389734892492267448
                  2.61959778015862410072
                 -0.78498439957202981176
                 -1.16451601965163886732
                  1.57802406143724605059
                  1.72993109321681792778
                 -1.83986232816153094660
                 -1.61451662750724667106
                  0.89244274349759200593
                 -3.19394743642446776732
                 -1.36503453218935599800
                 -1.60853698768944974873
                  1.51387660451327121791
                 -0.35742189515353056661
                  2.59373513054831850155
                 -1.38790957600714826015
                  2.71138714750879739057
                 -1.50566685068702477146
                  0.13313276726610304146
