                  1.40271535249066126028
                 -0.70592047348610065249
                 -2.57324887035767391197
                  1.67510625861054518460
                 -0.52876582968658580874
                 -1.79530500300006590209
                 -0.11543886631098988771
                 -0.01157394657103966336
                  1.12826088323404838398
                 -0.95949075643232539790
                 -0.02891105806943674444
                 -0.51689241828959808789
                  0.49685365163042938264
                 -0.61862150844228402935
                 -0.51177712647639650445
                 -0.99772192367812784219
                 -0.65468764407449175913
                 -0.73924258012589216804
                  1.75616802178175079874
                 -2.43155938001955806982
                  1.21711786079616879341
                  0.99384581260614490716
                  2.74490766485521442419
                 -1.35057885993284676474
                 -0.92497094262893120309
                  1.20090369712381739298
                  0.21143121456286262383
                  1.03555729328764689612
                  0.82437365184982636102
                 -1.00382129717738366459
                 -1.02488279377271052084
                  0.28257678287713616783
                  0.17083670021163657737
                 -0.33736959228969176650
                  0.91356205454768413254
                  0.10609881955765225470
                 -1.58702711106231775240
                 -0.31295050104691718440
                 -1.16002610466510214238
                  0.17674095291200003777
                  0.34116223155120967148
                 -0.27442030283439888816
                 -0.01263748231021230919
                  0.30045008201579881391
                  0.08328165071165681554
                  0.01549182224031459172
                 -0.77408560047343299981
                  0.34830342240103312479
                 -1.04150563512309046743
                  0.89117807863402187518
                 -2.15642154463786228646
                  0.47875182418172940180
                 -1.83703294065424205250
                 -0.24398926410190452385
                  1.15558298941273118743
                 -0.62881229146759054505
                  1.21037459380140632881
                 -2.27046690592961342148
                 -2.09821903051730984657
                 -1.66543646964477143335
                  0.18458477382369745112
