#Dai PES Model for C@Au TDHF
# BVK: 6.0 2.95 0.5 0.3 0.1
C+	   3.375846    3.353857    2.855976    1.017951    0.720341    0.484282    2.199467    1.897863    1.982842    6.441994
1D	  3.092773    2.747566    2.652828    1.780729    1.137887    1.042587    2.068772    1.622043    1.507097    1.371236
3P	   1.502690    1.461956    1.280964    1.578161    1.111910    0.771060    2.258223    1.956781    2.236274    0.110537
AN	   3.288052    3.691101    3.301421    1.218386    0.987841    0.749733    2.263133    1.730797    1.760803    4.223600
NA              6.142871    5.421109    4.297580    2.864898    1.154512    1.668459    2.700084   -0.000004    0.635984   19.122828
NA2            0.828216   -0.186051    0.000318    2.651111    2.356905    2.195790
Coupling	A1  A2  A3   B1  B2  B3   C1  C2  C3
CP	 12.988149  7.664957  6.388565  0.072179  0.211627  0.145695  2.289906  1.605051  1.610721
90d0 32.5d0 30.7d0


