# RST Pairwise NN PES Weights
# r_scale= 3.00  d_cut= 0.50  r_cut= 6.00  tanh activation
# Layout per state: # STATE: <name> / # NH_surf: <n>  NH_inner: <m> / ## Surface_Layer / ## Inner_Layer / # E0
 
# STATE: C+
# NH_surf: 12  NH_inner: 10
# Repulsive: A=   10.0000 B=  3.0000 unified=false
## Surface_Layer
  6.0296716990277673E-02
 -1.0201305383463836E+01
 -1.0440533552332629E-01
  2.9087499736412679E+00
  6.6743039234443362E+00
  3.2813093849379622E+00
 -2.2338227472247121E-01
  1.5020735502863549E+00
  3.9793868851402936E-01
  1.2807225002684921E+00
 -2.0643645907977071E-01
 -5.0604047528229362E-02
 -1.4485973336281199E+00
  5.1832373044343720E+00
  1.3943880625153318E-01
 -1.8392749904104790E+00
 -7.7727455242950345E+00
 -1.0427818143389986E+00
  4.9518382030931202E-01
 -2.4295934290056995E+00
 -2.1640680538758783E-01
 -2.2403384989592419E+00
  3.9682785545667865E-01
  1.6535033734997153E+00
 -1.3094967056949025E+00
  1.1280345582487208E+00
  6.4628897720146616E+00
  5.1111439895784141E+00
  3.0477411115684527E-01
 -4.5099239547991958E+00
  6.7133322340977886E+00
  3.7718334973018091E+00
 -9.1569268218725401E+00
  1.4483737966937105E+00
  9.6034535245273016E+00
  1.0864148349649403E+00
  6.5110789435791894E-01
## Inner_Layer
  1.6791101126728098E+01
  2.6215175909120580E-01
 -1.2381106337013303E+00
 -7.0486592662097003E+00
 -3.6500843905949840E+00
  1.8740798285695088E+00
  8.7062761877448498E+00
  2.1988961305115437E-01
 -6.5309625441266839E-01
  7.8544989500870752E+00
 -1.0809745644477958E+01
  2.4899636014923766E-02
  2.1623280126635649E-01
  1.3221673271362397E+01
  2.6940977671836941E+00
 -1.4740787368409551E+00
 -3.0675301609395693E+00
 -1.7921042639538054E-01
 -3.0454243567641059E-01
 -1.1764161023531854E+00
  2.4499727009363576E-01
 -2.5157162444395080E+00
  1.9268300203220938E+00
 -1.9830185043371318E-01
 -5.2695887086009474E+00
 -1.9184922689915380E+00
  6.6362789894739904E-01
 -2.6570588215782620E+00
  1.3395492078463411E+00
  1.1470541697757821E+00
 -5.9153313143186070E-01
# E0
  5.9028578106425869E+00
 
# STATE: 1D
# NH_surf: 8  NH_inner: 6
# Repulsive: A=   10.0000 B=  3.0000 unified=false
## Surface_Layer
 -6.0583000486397962E-02
 -4.8978173581921199E-02
 -9.9548917730314432E+00
 -3.1141147174400079E+01
  2.9208157654974972E+01
 -1.4907991741083573E+00
  6.6714399125814602E-02
  7.1424321742332142E-01
 -8.7513013327872380E-01
 -1.1852159702559328E+00
  4.7186251878245606E+00
  1.7721730433508689E+01
 -1.6652261863352120E+01
  1.3867866422308814E+00
  7.0591986234292348E-01
 -9.6727700737139266E-02
 -3.5497022840075974E+00
 -2.4551258287109810E+00
  5.2681247830570497E+00
  2.0564836883539028E+00
  1.8534700760138225E+00
 -2.4244821482022689E+00
  3.5126557487157060E+00
 -5.6915405445580811E+00
  9.5628215690417628E-01
## Inner_Layer
  7.0126216469078684E-01
 -1.7373798933591464E-01
 -3.8576934956815840E+00
 -2.5067261165791621E-01
 -7.3565564896171401E-02
 -9.6056724510708342E+00
 -7.5913988153766332E-01
  4.7219255711727071E-01
  4.0152710217835841E+00
  2.9499179757885086E-01
  1.5527704307229486E+00
  4.5256168410515025E+00
  5.4325597703503261E+00
  4.2606007755147646E+00
  1.4050704597372954E+00
  5.9508827753107969E+00
  2.0466878427243893E+00
  3.8449001726768226E+00
  1.0687808685094107E+00
# E0
  1.2563571927983470E+00
 
# STATE: 3P
# NH_surf: 10  NH_inner: 8
# Repulsive: A=   10.0000 B=  3.0000 unified=false
## Surface_Layer
  4.1494595112137223E+00
 -8.1939242313751333E+00
  1.7521033621441778E-01
  5.2759204702674189E-01
 -1.9562808478771831E+01
 -1.8179627646155354E+00
  4.6796516475134514E-01
  1.2474001555956387E+00
  5.7526625186390523E-01
  8.0730160950061636E-01
 -4.4074782155469379E+00
  3.4681088742652615E+00
  6.0559363639011307E-02
  1.3900387072808902E+00
  1.0738128355458905E+01
 -9.1563732790666041E-01
  6.6193081870801795E-01
  2.3430098365681173E+00
  1.7230620371200254E+00
  2.1792184204939575E+00
 -2.0291227598425332E-01
  1.8927448885368416E+00
  9.0448186260473207E-01
  8.0165217503219477E-01
  2.0101837817835331E+00
 -1.0593683731234013E-03
  9.0604614197210154E-01
  4.0349893064362169E-01
  7.0428278547219536E-01
  6.1535419574550221E-01
  4.4952373157037578E-01
## Inner_Layer
 -2.2749472287384807E+00
 -1.5309739437131638E+01
  3.8985486184611204E+00
 -4.5531024591279301E-01
 -8.4356662889724399E-01
  3.1078717905771415E-02
 -6.6272655546944489E-02
  1.7052650218583143E-03
  1.7842847538315818E+00
  7.8162941557239698E+00
 -4.4534064225394268E+00
  2.6902598394509714E-01
  8.4125353128711455E-01
 -1.9384938981974567E-01
  1.0133544377449763E-01
 -3.0448065063323787E-01
 -1.5973163760990201E+00
  2.5753871028198022E-01
 -2.6248395670989133E+00
 -1.3416811780425639E+00
 -5.9107561273983467E-01
  5.9336598451663847E-01
 -4.9959540119082373E+00
  1.4845765408295697E-01
  1.2942669594340608E-01
# E0
  7.1191588899157929E-02
 
# STATE: AN
# NH_surf: 12  NH_inner: 10
# Repulsive: A=   10.0000 B=  3.0000 unified=false
## Surface_Layer
 -1.7055478030651335E-02
  3.5160896469672052E+00
 -2.5438408215434277E-01
  6.7747109982664762E-03
 -5.7424515090053516E+00
 -9.8602691050695135E-02
 -3.4396237929390694E-01
  8.2160715767193423E+01
 -1.4347885462974354E+01
  1.6486782086217542E+00
 -4.0811807662857884E+00
  1.8897705173445711E+00
 -1.7183489223838835E+00
 -8.0922514916393462E-01
  5.3856856348548909E-01
  9.9739939178329051E-01
  6.2853960885134166E+00
  1.8800265384582360E-01
  3.7505435057888131E-01
 -4.5939674027315029E+01
  6.7109385087120197E+00
 -3.5332269502545746E+00
  2.8824142887181594E+00
 -2.7992065053315853E+00
 -2.3470004110660336E+00
 -1.0068403628202415E+01
  1.9033997266671427E+01
  3.8812456286994639E+00
 -5.6805008191740003E-01
  2.6823247940460558E+01
  7.6889087887286447E+00
 -7.5618601499821650E-02
  2.4616360571318268E+00
  3.6312343318107243E+00
 -4.8208651403420992E+00
  4.2307727470011169E+00
  1.6259810122326965E+00
## Inner_Layer
 -6.4844102459146651E+00
 -3.7993893498434743E+00
 -1.0438372237784279E+00
 -1.6233090220067081E-01
 -1.0954149554003580E+00
 -7.5625109939918911E+00
  1.5384817236160822E+00
 -1.4502200919192079E+00
  1.2429539937287429E-01
 -1.4792305517553941E+00
  7.5819736698211990E+00
  2.5087135638042923E+00
 -1.4937873233724079E+00
  3.9972626059633914E-01
  1.9689504261686612E+00
  3.8787304382905505E+00
 -2.1495254749827648E+00
  2.0274507930675836E+00
 -2.1259004656498912E-01
  2.5865333866991920E+00
  3.4451898986554502E-01
 -6.3858970640639487E+00
  6.3986485162263118E-01
 -6.0666465461944643E+00
  1.3814440202092544E+00
  1.7178574070129335E+00
 -2.2002481514832692E+00
  2.0055196695878115E+00
  3.7265326329223289E+00
 -2.7831535622266568E+00
 -9.9506643558793939E-01
# E0
  3.9985495440600700E+00
 
# STATE: Vcp
# NH_surf: 8  NH_inner: 8
## Surface_Layer
  3.2608915550583419E+00
  2.4089648695775397E-02
 -2.0094966216956479E-02
  1.9095884610759492E-02
  2.1552802566476177E+00
  5.3103093613140624E+00
 -1.1446001810671132E-02
 -1.7873270829384322E-02
 -9.3006773022805174E+00
 -1.0117022511382610E+00
  1.4487521545143505E+00
 -2.1559422592481559E+00
 -5.2336906538243064E-02
 -2.3886593399398279E+00
  3.3977222568511900E+00
  2.2924716147608923E+00
 -9.8460481040092951E-01
 -1.2641871155532867E+00
  1.4194158183783738E+00
 -1.1797707903480585E+00
 -5.3339068427527119E+00
 -1.9574573283799197E+00
  1.0090569932333138E+00
  1.2385117660611282E+00
  7.3532094257851210E-01
## Inner_Layer
  3.3329407230611099E+00
 -2.9316272894866446E-01
  1.2476770663473410E-02
 -8.2274415305090318E-02
 -5.1734792712182633E+00
 -2.9447971952105698E-03
 -6.0746517043472859E-01
 -9.0036441774651870E+00
 -1.3183996870532237E+00
  2.6876526967946351E-01
  3.2720129093006340E+00
  1.5393972446646484E+00
  5.4039452998309523E+00
  2.9547681610460796E+00
  1.8162921248295871E+00
  1.1134529796213785E+01
 -4.8980791053443831E+00
 -8.9531548048857756E-01
  8.8913716262872533E-01
  1.3734755249702297E+00
 -2.1545592461832488E-01
  8.4796407362564885E-01
  1.0632342222204196E+00
 -1.4855774416989850E-01
  7.3097236842024393E-01
# E0
  2.6750139262602349E-02
 
# STATE: GS
# NH_surf: 12  NH_inner: 8
## Surface_Layer
 -5.5072788706528781E+00
 -4.5031382640113971E-01
 -1.8312889140365229E-01
 -2.5802372461575359E+01
 -1.2848538661285680E-01
  1.0902474647295675E-01
  4.3456534730403336E+00
 -1.9075317164351111E+00
  1.5845307027354197E-01
  1.4328219301084635E-01
  2.2823610217847548E+00
 -3.3124204770704817E+00
  4.0883053167050827E+00
 -2.2031553008506646E-02
  1.2114510784235008E-01
  1.4224571138130910E+01
  2.9769189408888961E+00
 -1.2999354390094936E-01
 -4.9587322537417711E+00
  3.2017963545786001E+00
 -2.1765417367063197E-01
 -1.8632510884075149E-01
 -3.5483621518069070E-01
  9.8428144084298763E-01
 -1.5961506310562501E+00
 -1.0615535181796576E+00
  6.9586066863742291E+00
  4.1160199703312461E-01
 -7.7328644697551663E-01
 -1.0651287600403480E+01
  6.0418907742631467E-01
 -3.1951861905068131E+00
 -5.9004919154601101E+00
 -1.5111800936977133E+01
  1.3293901092531908E+00
  3.4304305313175393E-01
  9.2305590988780814E-02
## Inner_Layer
 -4.3184558730453754E-01
 -2.9161031487129705E+00
  3.7523736337075899E+00
 -1.3136947848123337E+00
  3.0353323337919822E+01
 -4.4834805551097601E-01
 -2.5998296936911564E-01
  3.9051450500011229E+00
  2.1908380704275947E+00
  3.7907588144981870E+00
 -5.9099315091422620E+00
  3.2062693040227952E+00
 -1.4074383140929937E+01
  1.8776005353051650E+00
  2.4871038531111163E+00
 -2.7981084492880259E+00
 -1.5036412785185316E+00
  1.5648574921190406E+00
 -1.3354800236497093E+00
 -1.8538832013026239E+00
 -1.9407006807178706E-01
 -1.1152198797528767E+00
 -9.0446652607835454E-01
  8.1283938023500397E+00
 -1.1043860459751693E+00
# E0
 -1.5311730605183288E-01
# EHF_baseline  -1.8535082823086846E+01
